             precision    recall  f1-score   support

          A       0.10      0.14      0.12       152
          D       0.23      0.08      0.12       174
          F       0.06      0.29      0.11       160
          H       0.23      0.38      0.28       413
          N       0.80      0.56      0.66      3979
         Sa       0.10      0.17      0.13       180
        Su+       0.00      0.00      0.00        89
        Su-       0.03      0.08      0.04       155

avg / total       0.64      0.48      0.54      5302

